13 10 3
5.057 0.908 2.931 4.989 -2.992 0.886 -1.456 -1.839 0.056 -1.252 5.640 -3.907 0.215 8.139
-0.043 1.247 0.211 1.039 0.860 0.288 0.396 0.455 0.766 1.072 0.089 0.643 0.292 0.889
0.551 0.530 0.039 0.775 0.569 1.057 0.645 0.671 0.921 0.749 0.203 1.198 0.449 0.115
2.174 0.476 1.277 1.206 -0.671 0.742 -0.810 -0.120 0.890 0.023 0.895 -1.270 0.126 1.892
-0.242 0.865 0.925 0.327 0.831 0.954 0.738 0.474 0.226 0.771 0.706 0.640 0.633 0.163
4.548 -0.349 0.474 1.969 -4.427 0.321 0.230 5.132 1.553 -1.190 -0.352 0.023 2.074 4.032
0.079 0.779 0.118 0.476 0.944 0.657 0.815 0.834 0.180 0.388 0.283 0.638 0.487 -0.008
2.476 0.068 0.097 0.559 -1.201 -0.200 0.190 1.961 0.278 -0.474 0.849 0.015 0.759 2.228
0.023 0.546 0.617 0.874 1.132 0.682 0.845 0.589 0.721 0.503 0.763 0.598 0.441 0.634
3.207 -0.497 0.409 0.812 -2.516 0.338 0.083 3.231 0.738 -0.290 -0.830 0.688 2.023 2.685
3.159 4.580 -1.979 -1.542 1.639 -1.988 8.309 -1.320 2.385 -1.937 4.930
-0.662 -11.658 1.676 1.544 -2.155 1.702 -2.794 1.630 -1.799 1.751 -0.929
1.131 7.634 -0.368 -0.579 1.370 -0.146 -6.392 -0.422 -1.576 0.108 -3.750
