13 10 3
1.468 0.616 2.248 0.488 -0.939 0.733 -0.427 -0.915 0.403 -0.634 3.377 -1.075 -1.464 2.741
0.145 1.112 0.193 0.958 0.738 0.196 0.275 0.374 0.689 0.974 0.053 0.517 0.173 0.870
0.777 0.390 0.052 0.718 0.420 0.965 0.479 0.540 0.857 0.601 0.199 1.024 0.282 0.135
1.413 0.403 0.640 0.159 -0.103 0.678 -0.241 0.380 0.321 0.625 0.383 -0.421 0.248 0.914
-0.080 0.753 0.913 0.263 0.727 0.878 0.645 0.415 0.161 0.690 0.674 0.533 0.540 0.150
2.520 -0.175 -0.550 -0.090 -1.824 -0.259 1.116 3.069 -0.874 0.649 0.018 0.823 1.324 2.685
0.272 0.673 0.151 0.456 0.831 0.579 0.693 0.721 0.127 0.261 0.290 0.480 0.359 0.028
1.495 0.082 0.108 -0.337 -0.031 -0.395 0.425 1.129 -0.159 0.219 0.830 0.290 0.229 1.239
0.216 0.407 0.586 0.785 1.005 0.586 0.732 0.520 0.644 0.396 0.724 0.476 0.323 0.608
1.999 -0.319 0.310 -0.140 -0.882 -0.005 0.273 1.450 -0.124 0.496 -0.307 0.838 1.195 1.836
2.014 1.271 -0.918 -0.588 0.557 -0.916 4.517 -0.353 1.198 -0.876 2.271
0.383 -4.517 0.704 0.588 -0.558 0.720 -0.716 0.668 -0.811 0.789 -0.349
0.799 3.657 -0.048 -0.175 0.317 0.177 -4.240 -0.015 -0.813 0.426 -1.981
