89 13 3
0.829 0.243 0.613 0.533 0.525 0.657 0.492 0.439 0.494 0.223 0.719 0.685 0.255 0 1 0
0.880 1.000 0.659 0.717 0.531 0.675 0.522 0.455 0.561 0.200 0.427 0.775 0.226 0 1 0
0.880 0.305 0.650 0.567 0.660 0.773 0.591 0.424 0.567 0.388 0.515 0.838 0.527 1 0 0
0.869 0.516 0.743 0.667 0.642 0.335 0.240 0.364 0.232 0.415 0.433 0.355 0.315 0 0 1
0.901 0.441 0.728 0.667 0.549 0.361 0.098 0.561 0.179 0.431 0.409 0.618 0.464 0 0 1
0.928 0.264 0.836 0.650 0.815 0.760 0.539 0.758 0.377 0.415 0.731 0.750 0.735 1 0 0
0.844 0.214 0.697 0.583 0.525 0.515 0.114 0.909 0.349 0.419 0.439 0.378 0.387 0 0 1
0.907 0.638 0.805 0.767 0.685 0.438 0.181 0.652 0.408 0.822 0.497 0.390 0.414 0 0 1
0.785 0.355 0.762 0.720 0.519 0.503 0.333 0.727 0.377 0.215 0.585 0.688 0.405 0 1 0
0.823 0.522 0.718 0.633 0.593 0.322 0.096 0.606 0.204 0.423 0.386 0.458 0.304 0 0 1
1.000 0.283 0.672 0.467 0.599 0.722 0.587 0.439 0.553 0.400 0.632 0.713 0.622 1 0 0
0.833 0.660 0.737 0.700 0.543 0.593 0.181 0.758 0.291 0.588 0.327 0.395 0.310 0 0 1
0.769 0.128 0.774 0.700 0.543 0.639 0.396 0.636 0.402 0.237 0.643 0.578 0.258 0 1 0
0.809 0.159 0.619 0.633 0.531 0.624 0.445 0.455 0.399 0.192 0.807 0.780 0.165 0 1 0
0.948 0.281 0.706 0.533 0.778 0.773 0.624 0.364 0.587 0.435 0.637 0.928 0.464 1 0 0
0.923 0.562 0.786 0.667 0.660 0.472 0.110 0.758 0.223 0.452 0.561 0.455 0.405 0 0 1
0.970 0.322 0.759 0.487 0.593 0.644 0.496 0.455 0.553 0.404 0.596 0.895 0.768 1 0 0
0.948 0.371 0.808 0.587 0.747 0.670 0.494 0.470 0.349 0.388 0.620 0.895 0.771 1 0 0
0.858 0.312 0.681 0.627 0.531 0.567 0.498 0.394 0.494 0.300 0.678 0.785 0.425 0 1 0
0.800 0.743 0.740 0.700 0.506 0.737 0.596 0.318 0.813 0.215 0.439 0.910 0.226 0 1 0
0.845 0.950 0.817 0.833 0.593 0.461 0.118 0.955 0.307 0.385 0.480 0.423 0.307 0 0 1
0.882 0.672 0.731 0.717 0.698 0.363 0.274 0.515 0.318 0.723 0.333 0.333 0.327 0 0 1
0.815 0.195 0.777 0.800 0.481 0.515 0.311 0.606 0.391 0.169 0.766 0.680 0.375 0 1 0
0.957 0.274 0.768 0.550 0.667 0.851 0.774 0.485 0.520 0.669 0.719 0.705 1.000 1 0 0
0.866 0.564 0.799 0.733 0.654 0.425 0.118 0.909 0.268 0.429 0.509 0.528 0.339 0 0 1
0.866 0.510 0.808 0.800 0.623 0.598 0.118 0.803 0.226 0.378 0.520 0.538 0.351 0 0 1
0.786 0.288 0.811 0.867 0.543 0.495 0.317 0.606 0.374 0.200 0.795 0.803 0.335 0 1 0
0.926 0.259 0.836 0.750 0.623 0.773 0.640 0.439 0.665 0.438 0.696 0.678 0.765 1 0 0
0.910 0.286 0.693 0.800 0.537 0.485 0.362 0.409 0.288 0.288 0.573 0.695 0.281 0 1 0
0.874 0.595 0.728 0.617 0.654 0.358 0.138 0.606 0.263 0.406 0.398 0.438 0.402 0 0 1
0.884 0.174 0.526 0.500 0.481 0.768 0.626 0.394 0.637 0.408 0.655 0.795 0.299 0 1 0
0.953 0.707 0.848 0.817 0.593 0.528 0.150 0.848 0.377 0.708 0.357 0.400 0.333 0 0 1
0.872 0.484 0.836 0.700 0.593 0.397 0.098 0.803 0.209 0.354 0.450 0.578 0.357 0 0 1
0.854 0.169 0.693 0.600 0.611 0.567 0.382 0.455 0.408 0.202 0.719 0.790 0.268 0 1 0
0.933 0.271 0.811 0.667 0.710 0.760 0.669 0.606 0.480 0.508 0.661 0.643 0.673 1 0 0
0.826 0.814 0.786 0.700 0.549 0.356 0.093 0.803 0.223 0.296 0.439 0.318 0.429 0 0 1
0.951 0.348 0.743 0.627 0.636 0.709 0.575 0.485 0.665 0.477 0.626 0.688 0.631 1 0 0
0.876 0.288 0.805 1.000 0.858 0.851 0.569 0.318 0.547 0.258 0.766 0.875 0.586 0 1 0
0.910 0.619 0.678 0.650 0.543 0.418 0.094 0.879 0.246 0.438 0.474 0.455 0.345 0 0 1
0.967 0.290 0.836 0.833 0.605 0.722 0.258 0.803 0.754 1.000 0.333 0.490 0.393 0 0 1
0.848 0.222 0.650 0.667 0.636 0.381 0.114 0.803 0.391 0.585 0.339 0.388 0.381 0 0 1
0.834 0.281 0.712 0.817 0.543 0.572 0.482 0.606 0.531 0.163 0.520 0.695 0.204 0 1 0
0.925 0.247 0.774 0.557 0.667 0.876 0.722 0.288 0.570 0.523 0.520 0.718 0.765 1 0 0
0.958 0.303 0.759 0.507 0.691 0.843 0.667 0.515 0.550 0.519 0.614 0.713 0.863 1 0 0
0.844 0.298 0.613 0.683 0.525 0.567 0.378 0.485 0.413 0.226 0.608 0.893 0.400 0 1 0
0.909 0.312 0.746 0.683 0.617 0.696 0.587 0.394 0.520 0.392 0.608 0.868 0.548 1 0 0
0.844 0.419 0.672 0.700 0.543 0.657 0.447 0.394 0.341 0.154 0.526 0.695 0.193 0 1 0
0.922 0.316 0.731 0.573 0.642 0.624 0.530 0.636 0.550 0.295 0.719 0.718 0.589 1 0 0
0.937 0.290 0.656 0.533 0.623 0.799 0.667 0.318 0.598 0.469 0.532 0.833 0.586 1 0 0
0.892 0.569 0.706 0.617 0.605 0.464 0.163 0.924 0.522 0.809 0.327 0.378 0.402 0 0 1
0.918 0.853 0.728 0.667 0.568 0.515 0.157 0.712 0.285 0.338 0.532 0.513 0.327 0 0 1
0.831 0.171 0.604 0.493 0.840 0.490 0.364 0.530 0.771 0.262 0.620 0.578 0.446 0 1 0
0.852 0.234 0.625 0.560 0.617 0.521 0.278 0.803 0.173 0.442 0.573 0.398 0.268 0 1 0
0.958 0.697 0.755 0.630 0.685 0.735 0.522 0.455 0.349 0.403 0.509 0.833 0.643 1 0 0
0.945 0.290 0.684 0.533 0.593 0.683 0.459 0.394 0.553 0.362 0.608 0.898 0.616 1 0 0
0.881 0.259 0.650 0.517 0.605 0.619 0.520 0.424 0.383 0.285 0.690 0.673 0.607 1 0 0
0.856 0.612 0.731 0.717 0.654 0.438 0.236 0.258 0.235 0.385 0.456 0.323 0.357 0 0 1
0.952 0.255 0.718 0.560 0.586 0.567 0.478 0.394 0.439 0.385 0.684 0.705 0.762 1 0 0
0.896 0.340 0.830 0.560 0.630 0.773 0.636 0.470 0.464 0.462 0.626 0.710 0.756 1 0 0
0.932 0.302 0.749 0.467 0.685 1.000 0.736 0.485 0.522 0.542 0.591 0.815 0.708 1 0 0
0.880 0.353 0.997 0.833 0.765 0.678 0.528 0.712 0.536 0.275 0.661 0.800 0.494 1 0 0
0.914 0.295 0.715 0.540 0.722 0.812 0.648 0.515 0.654 0.472 0.556 0.845 0.473 1 0 0
0.927 0.288 0.697 0.547 0.728 0.670 0.571 0.318 0.453 0.450 0.538 0.800 0.631 1 0 0
0.935 0.233 0.703 0.533 0.605 0.768 0.620 0.333 0.517 0.555 0.591 0.888 0.622 1 0 0
0.806 0.188 0.712 0.700 0.623 0.871 0.421 0.197 0.461 0.247 0.579 0.783 0.527 0 1 0
0.840 0.522 0.817 0.900 0.599 0.490 0.114 0.955 0.318 0.577 0.392 0.433 0.524 0 0 1
0.970 0.619 0.706 0.533 0.630 0.838 0.624 0.409 0.612 0.377 0.608 0.860 0.634 1 0 0
0.880 0.298 0.632 0.413 0.568 0.701 0.644 0.258 0.813 0.554 0.655 0.728 0.685 1 0 0
0.834 0.195 0.669 0.633 0.537 0.902 0.610 0.288 0.522 0.342 0.713 0.718 0.250 0 1 0
0.893 0.686 0.709 0.583 0.636 0.680 0.518 0.485 0.464 0.335 0.480 0.750 0.405 1 0 0
0.895 0.283 0.879 0.517 0.679 0.670 0.528 0.515 0.380 0.354 0.637 0.695 0.524 1 0 0
0.898 0.559 0.737 0.717 0.568 0.497 0.150 0.682 0.349 0.648 0.322 0.405 0.387 0 0 1
0.951 0.372 0.712 0.600 0.648 0.760 0.654 0.333 0.665 0.442 0.731 0.793 0.899 1 0 0
0.832 0.422 0.762 0.700 0.605 0.660 0.415 0.515 0.366 0.215 0.468 0.845 0.261 0 1 0
0.838 0.264 0.709 0.717 0.531 0.706 0.620 0.591 0.494 0.303 0.404 0.710 0.210 0 1 0
0.910 0.312 0.808 0.667 0.593 0.652 0.514 0.424 0.464 0.271 0.655 0.955 0.503 1 0 0
0.850 0.424 0.681 0.617 0.580 0.418 0.130 0.955 0.263 0.546 0.427 0.395 0.414 0 0 1
0.910 0.538 0.811 0.800 0.759 0.361 0.309 0.333 0.349 0.662 0.345 0.325 0.298 0 0 1
0.820 0.278 0.715 0.760 0.556 0.459 0.333 0.652 0.436 0.188 0.778 0.565 0.295 0 1 0
0.798 0.153 0.799 0.600 0.580 0.567 0.435 0.333 0.656 0.235 0.462 0.770 0.310 0 1 0
0.837 0.440 0.703 0.733 0.556 0.433 0.362 1.000 0.397 0.208 0.503 0.825 0.188 0 1 0
0.936 0.869 0.690 0.667 0.494 0.253 0.067 0.606 0.190 0.377 0.339 0.333 0.247 0 0 1
0.888 0.447 0.734 0.667 0.741 0.425 0.134 0.803 0.408 0.715 0.351 0.405 0.500 0 0 1
0.823 0.205 0.542 0.560 0.932 0.477 0.252 0.212 0.698 0.219 0.749 0.768 0.427 0 1 0
0.935 0.328 0.867 0.647 0.660 0.760 0.585 0.561 0.492 0.346 0.731 0.850 0.545 1 0 0
0.969 0.336 0.774 0.560 0.698 0.992 0.687 0.364 0.609 0.600 0.503 0.863 0.881 1 0 0
0.872 0.655 0.820 0.620 0.630 0.621 0.474 0.379 0.553 0.346 0.602 0.880 0.458 1 0 0
0.850 0.231 0.588 0.617 0.543 0.374 0.268 0.439 0.377 0.188 0.608 0.693 0.335 0 1 0
0.924 0.321 0.731 0.553 0.623 0.673 0.567 0.409 0.472 0.292 0.649 1.000 0.616 1 0 0
