13 10 3
4.276 0.663 2.776 3.940 -2.486 0.810 -1.291 -1.274 0.193 -1.281 5.104 -3.073 -0.247 7.151
-0.015 1.226 0.208 1.027 0.841 0.275 0.379 0.441 0.752 1.059 0.082 0.623 0.274 0.883
0.585 0.509 0.040 0.767 0.547 1.044 0.622 0.646 0.908 0.728 0.200 1.168 0.421 0.112
2.018 0.414 1.127 0.920 -0.547 0.703 -0.720 0.084 0.757 0.136 0.773 -1.028 0.141 1.719
-0.215 0.846 0.920 0.315 0.813 0.942 0.724 0.461 0.213 0.758 0.700 0.620 0.616 0.157
4.102 -0.327 0.263 1.514 -3.726 0.055 0.250 4.581 1.226 -0.808 -0.284 0.282 1.843 3.939
0.112 0.762 0.121 0.472 0.924 0.646 0.797 0.807 0.169 0.368 0.282 0.607 0.461 -0.009
2.273 0.055 0.152 0.388 -0.904 -0.289 0.166 1.727 0.293 -0.341 0.869 0.070 0.597 2.134
0.052 0.526 0.611 0.861 1.113 0.670 0.830 0.578 0.708 0.488 0.757 0.579 0.423 0.627
2.957 -0.457 0.392 0.610 -2.114 0.179 0.020 2.762 0.663 -0.126 -0.704 0.748 1.815 2.645
2.902 3.950 -1.732 -1.312 1.465 -1.743 7.334 -1.093 2.116 -1.691 4.300
-0.466 -10.024 1.484 1.350 -1.807 1.510 -2.412 1.435 -1.657 1.560 -0.959
1.032 6.632 -0.273 -0.470 1.034 -0.049 -5.829 -0.309 -1.299 0.204 -3.242
