13 10 3
0.490 0.418 0.999 0.156 0.385 0.584 0.161 0.069 0.106 0.457 0.695 0.602 0.471 0.243
0.339 0.983 0.171 0.856 0.583 0.108 0.179 0.320 0.611 0.875 0.068 0.387 0.036 0.917
0.952 0.301 0.033 0.645 0.252 0.906 0.423 0.531 0.779 0.518 0.255 0.916 0.176 0.269
0.920 0.701 0.561 0.376 0.290 0.880 0.094 0.654 0.423 0.944 0.224 0.001 0.722 0.766
0.053 0.666 0.882 0.191 0.617 0.818 0.599 0.408 0.091 0.638 0.668 0.462 0.473 0.189
0.738 0.539 0.669 0.428 0.265 0.261 0.471 0.820 0.266 0.958 0.844 0.424 0.153 0.287
0.269 0.698 0.190 0.482 0.824 0.594 0.696 0.718 0.154 0.241 0.344 0.461 0.341 0.091
0.423 0.667 0.369 0.121 0.983 0.023 0.700 0.969 0.281 0.676 0.781 0.770 0.607 0.576
0.548 0.178 0.461 0.590 0.730 0.425 0.639 0.531 0.440 0.289 0.675 0.322 0.192 0.683
0.943 0.128 0.982 0.226 0.344 0.313 0.034 0.325 0.527 0.672 0.007 0.785 0.738 0.547
0.426 0.679 0.209 0.119 0.459 0.350 0.842 0.613 0.870 0.119 0.479
0.644 0.636 0.709 0.607 0.662 0.662 0.833 0.582 0.265 0.940 0.639
0.648 0.945 0.236 0.450 0.770 0.416 0.256 0.541 0.318 0.646 0.545
