13 10 3
2.621 0.753 2.438 1.763 -1.889 0.758 -0.707 -0.794 0.457 -1.294 4.568 -1.775 -1.194 5.090
0.057 1.174 0.201 0.997 0.797 0.240 0.334 0.411 0.717 1.025 0.064 0.575 0.231 0.872
0.674 0.452 0.045 0.747 0.493 1.007 0.557 0.593 0.874 0.676 0.188 1.100 0.360 0.109
1.708 0.388 0.836 0.389 -0.358 0.656 -0.471 0.286 0.504 0.341 0.622 -0.675 0.126 1.345
-0.149 0.800 0.915 0.290 0.773 0.912 0.687 0.438 0.182 0.729 0.682 0.578 0.581 0.147
3.233 -0.190 -0.107 0.564 -2.605 -0.234 0.623 3.651 0.176 -0.152 -0.005 0.626 1.519 3.639
0.194 0.713 0.132 0.464 0.881 0.613 0.744 0.759 0.137 0.322 0.273 0.542 0.413 -0.004
1.856 0.097 0.190 -0.038 -0.445 -0.382 0.269 1.376 0.119 -0.099 0.951 0.183 0.350 1.841
0.122 0.475 0.600 0.830 1.068 0.636 0.789 0.552 0.675 0.452 0.739 0.535 0.382 0.614
2.444 -0.352 0.387 0.158 -1.423 0.006 0.081 1.967 0.301 0.143 -0.408 0.804 1.448 2.438
2.460 2.839 -1.319 -0.938 1.045 -1.328 5.680 -0.721 1.648 -1.277 3.155
-0.090 -7.285 1.132 0.997 -1.158 1.155 -1.642 1.085 -1.320 1.209 -0.770
0.892 5.035 -0.141 -0.305 0.557 0.086 -4.976 -0.142 -0.989 0.337 -2.549
